 #layer COS S2 O3 O2 NO2 NO HSO HO2 HSO2 HSO3 CS2 CH4O3S CO H O N S SO2 SO4 CS N2 CO2 SCSOH OH H2 H2SO4 SO3 H2S H2O SH SO CS2E CH3SCH3
    1  0.68101908E+010  0.42003372E+005  0.67700000E+012  0.50000000E+019  0.13700000E+010  0.00000000E+000  0.67734727E+000  0.60600000E+009  0.17044954E-003  0.19950817E-001  0.66209086E+008  0.73672045E+012  0.13000000E+013  0.00000000E+000  0.81100000E+003  0.00000000E+000  0.13939576E-008  0.21966125E+011  0.11250365E+009  0.27387823E+001  0.18300000E+020  0.84600000E+016  0.18322455E-005  0.18100000E+007  0.00000000E+000  0.41839844E+010  0.24202843E+003  0.55956128E+009  0.15000000E+018  0.24267168E+002  0.36765013E+000  0.72043828E-005  0.17541972E+010
    2  0.59693735E+010  0.36170148E+005  0.61700000E+012  0.44100000E+019  0.10000000E+010  0.00000000E+000  0.22635454E+000  0.46400000E+009  0.85100697E-004  0.11082887E-001  0.32949031E+008  0.64313311E+012  0.13000000E+013  0.00000000E+000  0.91200000E+003  0.00000000E+000  0.85852272E-009  0.15237892E+011  0.10800502E+009  0.15609972E+001  0.16000000E+020  0.66000000E+016  0.91480161E-006  0.12500000E+007  0.00000000E+000  0.29005175E+010  0.18606307E+003  0.23480163E+009  0.89500000E+017  0.75880634E+001  0.19490467E+000  0.41054095E-005  0.58426131E+009
    3  0.52217714E+010  0.30788589E+005  0.57400000E+012  0.38600000E+019  0.69600000E+009  0.00000000E+000  0.89083428E-001  0.37600000E+009  0.43517583E-004  0.65657449E-002  0.16528735E+008  0.56086732E+012  0.13000000E+013  0.00000000E+000  0.10600000E+004  0.00000000E+000  0.56930948E-009  0.10649922E+011  0.11050968E+009  0.89778843E+000  0.14000000E+020  0.57800000E+016  0.46780160E-006  0.91300000E+006  0.00000000E+000  0.19869291E+010  0.16595686E+003  0.10846767E+009  0.49700000E+017  0.28613860E+001  0.11687849E+000  0.23602170E-005  0.21162109E+009
    4  0.45434138E+010  0.25841140E+005  0.56600000E+012  0.33500000E+019  0.50800000E+009  0.00000000E+000  0.43364872E-001  0.22700000E+009  0.28647429E-004  0.51872110E-002  0.79177748E+007  0.48679778E+012  0.13000000E+013  0.00000000E+000  0.13000000E+004  0.00000000E+000  0.39479306E-009  0.74188487E+010  0.11482917E+009  0.49562467E+000  0.12200000E+020  0.50200000E+016  0.30795650E-006  0.87500000E+006  0.00000000E+000  0.14338129E+010  0.21388057E+003  0.51802019E+008  0.25200000E+017  0.14406187E+001  0.79016897E-001  0.13020787E-005  0.74634764E+008
    5  0.39679368E+010  0.21587446E+005  0.56600000E+012  0.28900000E+019  0.41200000E+009  0.00000000E+000  0.23555073E-001  0.18400000E+009  0.17867804E-004  0.42187926E-002  0.36498139E+007  0.42427189E+012  0.13000000E+013  0.00000000E+000  0.16500000E+004  0.00000000E+000  0.29508039E-009  0.52126087E+010  0.12040424E+009  0.26242542E+000  0.10700000E+020  0.43400000E+016  0.19207758E-006  0.85700000E+006  0.00000000E+000  0.10693426E+010  0.29221971E+003  0.25269225E+008  0.12500000E+017  0.78492560E+000  0.51982018E-001  0.68868245E-006  0.25917428E+008
    6  0.34457290E+010  0.17776693E+005  0.61400000E+012  0.24800000E+019  0.38100000E+009  0.00000000E+000  0.13210501E-001  0.12900000E+009  0.11021269E-004  0.35748678E-002  0.15933403E+007  0.36779530E+012  0.12800000E+013  0.00000000E+000  0.22400000E+004  0.00000000E+000  0.24818142E-009  0.36723644E+010  0.12553703E+009  0.13242437E+000  0.93300000E+019  0.37100000E+016  0.11847824E-006  0.85700000E+006  0.00000000E+000  0.81390058E+009  0.40497251E+003  0.12495925E+008  0.63100000E+016  0.43230845E+000  0.34930149E-001  0.34692139E-006  0.87652645E+007
    7  0.29910911E+010  0.14496130E+005  0.74800000E+012  0.21100000E+019  0.37100000E+009  0.00000000E+000  0.75660959E-002  0.10100000E+009  0.61318788E-005  0.29433460E-002  0.67280129E+006  0.31878164E+012  0.12400000E+013  0.00000000E+000  0.35300000E+004  0.00000000E+000  0.27165770E-009  0.26220465E+010  0.13064916E+009  0.64823345E-001  0.81500000E+019  0.31600000E+016  0.65917550E-007  0.82100000E+006  0.00000000E+000  0.62725752E+009  0.57324749E+003  0.63421446E+007  0.30200000E+016  0.24456051E+000  0.23099763E-001  0.16914309E-006  0.29713200E+007
    8  0.25893679E+010  0.11676393E+005  0.91700000E+012  0.17700000E+019  0.37100000E+009  0.00000000E+000  0.45180908E-002  0.72900000E+008  0.33975920E-005  0.25015455E-002  0.27637819E+006  0.27558892E+012  0.12000000E+013  0.00000000E+000  0.55300000E+004  0.00000000E+000  0.33116042E-009  0.19001421E+010  0.13539882E+009  0.31030543E-001  0.71200000E+019  0.26500000E+016  0.36524070E-007  0.77800000E+006  0.00000000E+000  0.48766903E+009  0.11395803E+004  0.33334430E+007  0.10400000E+016  0.14022094E+000  0.16578684E-001  0.80498111E-007  0.10207568E+007
    9  0.22406092E+010  0.92753146E+004  0.12400000E+013  0.14800000E+019  0.38100000E+009  0.00000000E+000  0.28477331E-002  0.59200000E+008  0.17989078E-005  0.21442086E-002  0.11106228E+006  0.23815632E+012  0.11700000E+013  0.00000000E+000  0.97500000E+004  0.00000000E+000  0.49352040E-009  0.13944051E+010  0.14123598E+009  0.14640954E-001  0.62200000E+019  0.22200000E+016  0.19338242E-007  0.73800000E+006  0.00000000E+000  0.38204212E+009  0.20576338E+004  0.18055368E+007  0.39800000E+015  0.85651668E-001  0.13156077E-001  0.37522383E-007  0.35338653E+006
   10  0.19323336E+010  0.70568403E+004  0.16000000E+013  0.12200000E+019  0.40200000E+009  0.00000000E+000  0.19055814E-002  0.52500000E+008  0.86355694E-006  0.19510740E-002  0.37569494E+005  0.20505393E+012  0.11000000E+013  0.00000000E+000  0.16900000E+005  0.00000000E+000  0.73882546E-009  0.99341072E+009  0.15551566E+009  0.58894923E-002  0.54300000E+019  0.18500000E+016  0.92832298E-008  0.76200000E+006  0.00000000E+000  0.29541006E+009  0.31480464E+004  0.91019899E+006  0.18900000E+015  0.57373891E-001  0.12130949E-001  0.14790372E-007  0.10263297E+006
   11  0.16773494E+010  0.47969075E+004  0.19600000E+013  0.10400000E+019  0.45800000E+009  0.00000000E+000  0.10778670E-002  0.46600000E+008  0.24966549E-006  0.15383881E-002  0.81152956E+004  0.17749213E+012  0.10000000E+013  0.00000000E+000  0.27100000E+005  0.00000000E+000  0.91225142E-009  0.64192915E+009  0.20128762E+009  0.15118421E-002  0.47500000E+019  0.15400000E+016  0.26839010E-008  0.78600000E+006  0.00000000E+000  0.21474088E+009  0.40398927E+004  0.35787972E+006  0.96400000E+014  0.32315174E-001  0.12413103E-001  0.36983612E-008  0.18437329E+005
   12  0.14466970E+010  0.25200452E+004  0.22100000E+013  0.87900000E+018  0.61000000E+009  0.00000000E+000  0.58064621E-003  0.43900000E+008  0.36836234E-007  0.95206478E-003  0.98657381E+003  0.15229260E+012  0.90000000E+012  0.00000000E+000  0.41700000E+005  0.00000000E+000  0.86216588E-009  0.34637900E+009  0.31135807E+009  0.22226711E-003  0.41500000E+019  0.13100000E+016  0.39598788E-009  0.78600000E+006  0.00000000E+000  0.13102700E+009  0.39674305E+004  0.94416282E+005  0.51000000E+014  0.19221908E-001  0.15386830E-001  0.52271743E-009  0.17414552E+004
   13  0.12371638E+010  0.88635205E+003  0.24200000E+013  0.74400000E+018  0.85800000E+009  0.00000000E+000  0.38248200E-003  0.42600000E+008  0.31004698E-008  0.46221240E-003  0.71419686E+002  0.12916884E+012  0.80000000E+012  0.00000000E+000  0.62600000E+005  0.00000000E+000  0.53630587E-009  0.15339072E+009  0.52792819E+009  0.19778922E-004  0.36200000E+019  0.11100000E+016  0.33329314E-010  0.75400000E+006  0.00000000E+000  0.41934830E+003  0.30030730E+004  0.16783619E+005  0.27500000E+014  0.13744485E-001  0.21240826E-001  0.44092503E-010  0.89535222E+002
   14  0.10465502E+010  0.18836264E+003  0.27300000E+013  0.62800000E+018  0.10900000E+010  0.00000000E+000  0.30924637E-003  0.42600000E+008  0.17644047E-009  0.18528953E-003  0.36428545E+001  0.10814626E+012  0.66000000E+012  0.00000000E+000  0.97200000E+005  0.00000000E+000  0.20958255E-009  0.58588273E+008  0.52458549E+009  0.12786119E-005  0.31600000E+019  0.94100000E+015  0.18964402E-011  0.69200000E+006  0.00000000E+000  0.34230856E+003  0.11517453E+004  0.22640183E+004  0.24100000E+014  0.11669283E-001  0.31574091E-001  0.26230710E-011  0.28158580E+001
   15  0.87498858E+009  0.24867789E+002  0.30500000E+013  0.52900000E+018  0.13400000E+010  0.00000000E+000  0.27548335E-003  0.45200000E+008  0.84733548E-011  0.71453651E-004  0.15295606E+000  0.89565165E+011  0.50300000E+012  0.00000000E+000  0.15000000E+006  0.00000000E+000  0.51226537E-010  0.21065679E+008  0.47131302E+009  0.70365664E-007  0.27600000E+019  0.79600000E+015  0.90970509E-013  0.64900000E+006  0.00000000E+000  0.44374727E+003  0.42851885E+003  0.26423372E+003  0.20900000E+014  0.10585232E-001  0.47259142E-001  0.12864855E-012  0.60516501E-001
   16  0.72358961E+009  0.20954196E+001  0.33400000E+013  0.45200000E+018  0.16500000E+010  0.00000000E+000  0.26301388E-003  0.48000000E+008  0.36470373E-012  0.28037629E-004  0.56175944E-002  0.73645687E+011  0.34800000E+012  0.00000000E+000  0.22800000E+006  0.00000000E+000  0.12380080E-010  0.75399660E+007  0.40717464E+009  0.35036928E-008  0.24100000E+019  0.68000000E+015  0.38680483E-014  0.64200000E+006  0.00000000E+000  0.59760440E+003  0.16503565E+003  0.27621486E+002  0.18200000E+014  0.10177661E-001  0.68462282E-001  0.55169409E-014  0.91312963E-003
   17  0.59227183E+009  0.11348081E+000  0.38100000E+013  0.38600000E+018  0.18800000E+010  0.00000000E+000  0.26037102E-003  0.52500000E+008  0.17005460E-013  0.12676292E-004  0.18757006E-003  0.60341869E+011  0.22000000E+012  0.00000000E+000  0.36200000E+006  0.00000000E+000  0.32515355E-010  0.29846769E+007  0.34340366E+009  0.16923803E-009  0.21100000E+019  0.58000000E+015  0.15618332E-015  0.66300000E+006  0.00000000E+000  0.80539233E+003  0.73431581E+002  0.26897134E+001  0.15800000E+014  0.95433383E-002  0.10249939E+000  0.21501877E-015  0.96698660E-005
   18  0.47740797E+009  0.41622968E-002  0.41900000E+013  0.33000000E+018  0.20300000E+010  0.00000000E+000  0.27046604E-003  0.54100000E+008  0.20502344E-014  0.76715792E-005  0.56283565E-005  0.49138761E+011  0.16600000E+012  0.00000000E+000  0.55800000E+006  0.00000000E+000  0.16930594E-009  0.14884167E+007  0.28645292E+009  0.76213101E-011  0.18400000E+019  0.49600000E+015  0.60358082E-017  0.73000000E+006  0.00000000E+000  0.11307207E+004  0.40854247E+002  0.24269033E+000  0.14700000E+014  0.91491424E-002  0.14675525E+000  0.75771184E-017  0.73321734E-007
   19  0.38141923E+009  0.10819398E-003  0.45100000E+013  0.28100000E+018  0.22000000E+010  0.00000000E+000  0.28562414E-003  0.57400000E+008  0.12960885E-014  0.65522303E-005  0.15521014E-006  0.40102875E+011  0.11500000E+012  0.00000000E+000  0.85200000E+006  0.00000000E+000  0.75425207E-009  0.10235383E+007  0.24055911E+009  0.32812949E-012  0.16100000E+019  0.42400000E+015  0.21983754E-018  0.82100000E+006  0.00000000E+000  0.15605246E+004  0.29728162E+002  0.20782265E-001  0.14700000E+014  0.86964840E-002  0.20709348E+000  0.24549230E-018  0.41122934E-009
   20  0.30228530E+009  0.21249752E-005  0.46700000E+013  0.24000000E+018  0.23200000E+010  0.00000000E+000  0.31464956E-003  0.59200000E+008  0.13298992E-014  0.73721154E-005  0.39035144E-008  0.32858062E+011  0.89800000E+011  0.00000000E+000  0.12600000E+007  0.00000000E+000  0.28511711E-008  0.88319568E+006  0.20238386E+009  0.13015416E-013  0.14100000E+019  0.36200000E+015  0.76797735E-020  0.97400000E+006  0.00000000E+000  0.22105049E+004  0.28196350E+002  0.16801617E-002  0.14900000E+014  0.86271586E-002  0.28092566E+000  0.72633562E-020  0.17876627E-011
   21  0.23710702E+009  0.32481938E-007  0.47700000E+013  0.20800000E+018  0.24400000E+010  0.00000000E+000  0.33308446E-003  0.62800000E+008  0.18045775E-014  0.87635524E-005  0.94775875E-010  0.26990459E+011  0.65200000E+011  0.00000000E+000  0.18300000E+007  0.00000000E+000  0.91729064E-008  0.86600553E+006  0.16916923E+009  0.50452613E-015  0.12300000E+019  0.31400000E+015  0.23895071E-021  0.11100000E+007  0.00000000E+000  0.39705251E+004  0.27089835E+002  0.13378152E-003  0.16100000E+014  0.82382196E-002  0.36733335E+000  0.20808273E-021  0.62494662E-014
   22  0.18388335E+009  0.38762779E-009  0.48700000E+013  0.18100000E+018  0.25100000E+010  0.00000000E+000  0.34850410E-003  0.64700000E+008  0.24438745E-014  0.10738264E-004  0.22038495E-011  0.22222918E+011  0.49700000E+011  0.00000000E+000  0.26700000E+007  0.00000000E+000  0.26114588E-007  0.87669472E+006  0.14138062E+009  0.19173815E-016  0.10700000E+019  0.27200000E+015  0.71206083E-023  0.12700000E+007  0.00000000E+000  0.80305678E+004  0.27248211E+002  0.10542040E-004  0.17200000E+014  0.76706128E-002  0.47989750E+000  0.57290170E-023  0.17550546E-016
   23  0.14205660E+009  0.37000003E-011  0.48000000E+013  0.15700000E+018  0.25100000E+010  0.00000000E+000  0.39858737E-003  0.68700000E+008  0.33595495E-014  0.14177304E-004  0.46091090E-013  0.18490501E+011  0.38900000E+011  0.00000000E+000  0.38300000E+007  0.00000000E+000  0.68115059E-007  0.87225803E+006  0.11806901E+009  0.66121534E-018  0.93800000E+018  0.23700000E+015  0.20952367E-024  0.15900000E+007  0.00000000E+000  0.18700658E+005  0.29067063E+002  0.77060719E-006  0.18600000E+014  0.79385915E-002  0.63005563E+000  0.14127660E-024  0.40068878E-019
   24  0.10824671E+009  0.28894783E-013  0.46300000E+013  0.13700000E+018  0.25700000E+010  0.00000000E+000  0.44666696E-003  0.68700000E+008  0.42435131E-014  0.18252392E-004  0.85906248E-015  0.15410137E+011  0.31900000E+011  0.00000000E+000  0.53300000E+007  0.00000000E+000  0.15946639E-006  0.85272074E+006  0.99115590E+008  0.20091007E-019  0.81900000E+018  0.20600000E+015  0.54604722E-026  0.19900000E+007  0.00000000E+000  0.37800751E+005  0.30895648E+002  0.51874672E-007  0.19800000E+014  0.81874196E-002  0.81641607E+000  0.31155098E-026  0.75920565E-022
   25  0.81408048E+008  0.18309979E-015  0.44100000E+013  0.11900000E+018  0.25700000E+010  0.00000000E+000  0.49802378E-003  0.70700000E+008  0.55108239E-014  0.23555813E-004  0.14004875E-016  0.12896337E+011  0.25000000E+011  0.00000000E+000  0.74500000E+007  0.00000000E+000  0.34145416E-006  0.82989341E+006  0.82436978E+008  0.54941414E-021  0.71600000E+018  0.18000000E+015  0.12552822E-027  0.25000000E+007  0.00000000E+000  0.71200857E+005  0.32732285E+002  0.31850759E-008  0.21100000E+014  0.84237641E-002  0.11027882E+001  0.60089870E-028  0.11833793E-024
   26  0.60166992E+008  0.95106861E-018  0.41400000E+013  0.10400000E+018  0.25100000E+010  0.00000000E+000  0.55070737E-003  0.72900000E+008  0.70624088E-014  0.30390833E-004  0.19458642E-018  0.10821932E+011  0.20000000E+011  0.00000000E+000  0.10200000E+008  0.00000000E+000  0.66153679E-006  0.80122743E+006  0.68316451E+008  0.12742701E-022  0.62500000E+018  0.15700000E+015  0.24829784E-029  0.31900000E+007  0.00000000E+000  0.12500100E+006  0.36640964E+002  0.17367695E-009  0.21400000E+014  0.87297168E-002  0.15167433E+001  0.98808253E-030  0.15285161E-027
   27  0.43654020E+008  0.41706428E-020  0.37500000E+013  0.90800000E+017  0.25100000E+010  0.00000000E+000  0.56873695E-003  0.72900000E+008  0.88458729E-014  0.37526810E-004  0.23668526E-020  0.91140905E+010  0.15600000E+011  0.00000000E+000  0.13600000E+008  0.00000000E+000  0.11754331E-005  0.77959146E+006  0.56359747E+008  0.25756513E-024  0.54600000E+018  0.13700000E+015  0.40922982E-031  0.38700000E+007  0.00000000E+000  0.22000119E+006  0.44106891E+002  0.87698849E-011  0.19300000E+014  0.87151493E-002  0.21618141E+001  0.14208938E-031  0.16861417E-030
   28  0.30974254E+008  0.15362608E-022  0.34000000E+013  0.79400000E+017  0.24400000E+010  0.00000000E+000  0.57885526E-003  0.70700000E+008  0.10680684E-013  0.46429807E-004  0.24620452E-022  0.76991635E+010  0.12500000E+011  0.00000000E+000  0.18200000E+008  0.00000000E+000  0.18947302E-005  0.75593616E+006  0.45696311E+008  0.44918325E-026  0.47700000E+018  0.12000000E+015  0.58146352E-033  0.47400000E+007  0.00000000E+000  0.42800129E+006  0.52993377E+002  0.40391978E-012  0.17500000E+014  0.85661373E-002  0.31789237E+001  0.17441409E-033  0.15755805E-033
   29  0.21333890E+008  0.46744772E-025  0.31000000E+013  0.69500000E+017  0.23200000E+010  0.00000000E+000  0.57753402E-003  0.68700000E+008  0.12827592E-013  0.57547829E-004  0.21138989E-024  0.65219395E+010  0.10000000E+011  0.00000000E+000  0.24500000E+008  0.00000000E+000  0.27790653E-005  0.72914708E+006  0.36631829E+008  0.64772356E-028  0.41700000E+018  0.10500000E+015  0.68885756E-035  0.58700000E+007  0.00000000E+000  0.72700168E+006  0.63715329E+002  0.16445702E-013  0.15900000E+014  0.82062681E-002  0.47263452E+001  0.17631390E-035  0.12163429E-036
   30  0.14167679E+008  0.11959765E-027  0.28400000E+013  0.60900000E+017  0.22000000E+010  0.00000000E+000  0.53197759E-003  0.66600000E+008  0.15471605E-013  0.68681567E-004  0.15140367E-026  0.55297358E+010  0.78500000E+010  0.00000000E+000  0.33200000E+008  0.00000000E+000  0.37205969E-005  0.70943331E+006  0.28466594E+008  0.77488146E-030  0.36400000E+018  0.92100000E+014  0.65206142E-037  0.69700000E+007  0.00000000E+000  0.12800024E+007  0.73596293E+002  0.61582827E-015  0.14500000E+014  0.72241797E-002  0.70678732E+001  0.14865109E-037  0.11420282E-039
   31  0.90864517E+007  0.27708262E-030  0.26100000E+013  0.54600000E+017  0.20300000E+010  0.00000000E+000  0.48819606E-003  0.62800000E+008  0.19994131E-013  0.81581998E-004  0.90401761E-029  0.47177390E+010  0.62900000E+010  0.00000000E+000  0.44800000E+008  0.00000000E+000  0.44944561E-005  0.69635585E+006  0.21328856E+008  0.74895404E-032  0.31800000E+018  0.82600000E+014  0.50619178E-039  0.85400000E+007  0.00000000E+000  0.24000024E+007  0.87268196E+002  0.25635818E-016  0.13200000E+014  0.64221685E-002  0.10030295E+002  0.10392800E-039  0.10730225E-039
   32  0.55694891E+007  0.86381499E-033  0.23600000E+013  0.49000000E+017  0.18300000E+010  0.00000000E+000  0.41246974E-003  0.57400000E+008  0.25110432E-013  0.93719475E-004  0.45018244E-031  0.40357943E+010  0.50400000E+010  0.00000000E+000  0.60000000E+008  0.00000000E+000  0.50120422E-005  0.68859918E+006  0.15087444E+008  0.59219614E-034  0.27800000E+018  0.74100000E+014  0.31605028E-041  0.10100000E+008  0.00000000E+000  0.39300009E+007  0.10204417E+003  0.63813905E-017  0.11800000E+014  0.53433189E-002  0.14257343E+002  0.60489473E-042  0.30939382E-039
   33  0.32372249E+007  0.35277493E-033  0.21200000E+013  0.44000000E+017  0.16900000E+010  0.00000000E+000  0.33698102E-003  0.49500000E+008  0.28978363E-013  0.10701061E-003  0.18591363E-033  0.34586438E+010  0.39400000E+010  0.00000000E+000  0.79700000E+008  0.00000000E+000  0.51212292E-005  0.66605314E+006  0.10305389E+008  0.38019132E-036  0.24300000E+018  0.66600000E+014  0.16704240E-043  0.12200000E+008  0.00000000E+000  0.50290619E+007  0.12268689E+003  0.60696649E-017  0.10200000E+014  0.43279504E-002  0.19670857E+002  0.29154970E-044  0.85914237E-039
   34  0.17724860E+007  0.50228158E-033  0.19000000E+013  0.39700000E+017  0.14100000E+010  0.00000000E+000  0.24142750E-003  0.43900000E+008  0.33830271E-013  0.11246223E-003  0.65083258E-036  0.29669146E+010  0.31600000E+010  0.00000000E+000  0.10600000E+009  0.00000000E+000  0.47555123E-005  0.63909282E+006  0.69785119E+007  0.20870154E-038  0.21200000E+018  0.60000000E+014  0.69741532E-046  0.13800000E+008  0.00000000E+000  0.54142235E+007  0.13742539E+003  0.55522658E-017  0.87600000E+013  0.30950902E-002  0.26443629E+002  0.11903190E-046  0.23142430E-038
   35  0.90964740E+006  0.62327148E-033  0.17200000E+013  0.35800000E+017  0.12100000E+010  0.00000000E+000  0.16087939E-003  0.39000000E+008  0.38894224E-013  0.11529984E-003  0.19379936E-038  0.25502904E+010  0.23000000E+010  0.00000000E+000  0.14300000E+009  0.00000000E+000  0.40322935E-005  0.60468109E+006  0.46446497E+007  0.10685388E-039  0.18500000E+018  0.54200000E+014  0.24602595E-048  0.15500000E+008  0.00000000E+000  0.53442566E+007  0.14986147E+003  0.46508818E-017  0.75400000E+013  0.20370046E-002  0.34490219E+002  0.41267437E-049  0.59261811E-038
   36  0.43932128E+006  0.68116033E-033  0.15500000E+013  0.32900000E+017  0.95200000E+009  0.00000000E+000  0.10049840E-003  0.34600000E+008  0.43706125E-013  0.11756761E-003  0.51319745E-041  0.22100184E+010  0.15900000E+010  0.00000000E+000  0.19100000E+009  0.00000000E+000  0.30966405E-005  0.57264051E+006  0.30933631E+007  0.14113689E-039  0.16200000E+018  0.49000000E+014  0.76978630E-051  0.17700000E+008  0.00000000E+000  0.50368227E+007  0.16615412E+003  0.37291372E-017  0.64700000E+013  0.12861189E-002  0.43601960E+002  0.12628835E-051  0.15005990E-037
   37  0.19538431E+006  0.77332555E-033  0.14100000E+013  0.30300000E+017  0.71400000E+009  0.00000000E+000  0.55255798E-004  0.32600000E+008  0.58570637E-013  0.11217913E-003  0.81340229E-043  0.19102653E+010  0.12100000E+010  0.00000000E+000  0.26100000E+009  0.00000000E+000  0.21594145E-005  0.55394185E+006  0.20396608E+007  0.26823403E-039  0.14100000E+018  0.45300000E+014  0.13176799E-052  0.19000000E+008  0.00000000E+000  0.45628016E+007  0.17482244E+003  0.29064439E-017  0.55400000E+013  0.70634380E-003  0.53299184E+002  0.23202925E-053  0.68810510E-037
   38  0.80330583E+005  0.82851816E-033  0.12300000E+013  0.28000000E+017  0.50800000E+009  0.00000000E+000  0.28717647E-004  0.29800000E+008  0.77213847E-013  0.11217240E-003  0.30889610E-043  0.16695959E+010  0.92200000E+009  0.00000000E+000  0.34900000E+009  0.00000000E+000  0.13931428E-005  0.54918724E+006  0.13338401E+007  0.44598584E-039  0.12400000E+018  0.42000000E+014  0.55394270E-053  0.21000000E+008  0.00000000E+000  0.40806484E+007  0.19292894E+003  0.22268104E-017  0.47600000E+013  0.38363988E-003  0.65986194E+002  0.10108522E-053  0.31551164E-036
   39  0.30003432E+005  0.82218176E-033  0.10700000E+013  0.25800000E+017  0.38100000E+009  0.00000000E+000  0.13184750E-004  0.26400000E+008  0.10001814E-012  0.11117180E-003  0.10645185E-043  0.14498791E+010  0.67000000E+009  0.00000000E+000  0.46700000E+009  0.00000000E+000  0.84335645E-006  0.55433463E+006  0.86006184E+006  0.65446972E-039  0.10800000E+018  0.39100000E+014  0.20606801E-053  0.22600000E+008  0.00000000E+000  0.35590961E+007  0.21120320E+003  0.14847413E-017  0.40900000E+013  0.18409973E-003  0.81847462E+002  0.40218533E-054  0.14084500E-035
   40  0.10236109E+005  0.72526302E-033  0.92500000E+012  0.23900000E+017  0.23800000E+009  0.00000000E+000  0.53157755E-005  0.24900000E+008  0.12751128E-012  0.11351389E-003  0.21987026E-044  0.12652673E+010  0.52300000E+009  0.00000000E+000  0.62300000E+009  0.00000000E+000  0.53042905E-006  0.57474021E+006  0.55322218E+006  0.60649900E-039  0.94300000E+017  0.35600000E+014  0.46444149E-054  0.24100000E+008  0.00000000E+000  0.30731057E+007  0.23933491E+003  0.77859319E-018  0.35000000E+013  0.78840102E-004  0.10549368E+003  0.95415660E-055  0.35011825E-035
   41  0.31097929E+004  0.88920636E-033  0.80000000E+012  0.22200000E+017  0.17800000E+009  0.00000000E+000  0.18648512E-005  0.22800000E+008  0.17600294E-012  0.11205838E-003  0.45452323E-045  0.11063424E+010  0.34400000E+009  0.00000000E+000  0.84800000E+009  0.00000000E+000  0.41032127E-006  0.60972111E+006  0.35266608E+006  0.68462073E-039  0.82300000E+017  0.33100000E+014  0.98403260E-055  0.24900000E+008  0.00000000E+000  0.26194423E+007  0.26786561E+003  0.38991688E-018  0.29900000E+013  0.29322530E-004  0.13160321E+003  0.22604473E-055  0.15072835E-034
   42  0.83083959E+003  0.14773368E-032  0.69000000E+012  0.20600000E+017  0.10900000E+009  0.00000000E+000  0.55884596E-006  0.21400000E+008  0.24984310E-012  0.10964407E-003  0.67965902E-046  0.96969264E+009  0.30800000E+009  0.00000000E+000  0.11800000E+010  0.00000000E+000  0.44822028E-006  0.65248579E+006  0.22332842E+006  0.66320399E-039  0.71900000E+017  0.30900000E+014  0.14813830E-055  0.25300000E+008  0.00000000E+000  0.22063142E+007  0.30159775E+003  0.16495822E-018  0.25500000E+013  0.93344696E-005  0.16314317E+003  0.38637070E-056  0.61555251E-034
   43  0.19466819E+003  0.29251553E-032  0.59100000E+012  0.19200000E+017  0.71400000E+008  0.00000000E+000  0.13901184E-006  0.20200000E+008  0.35155951E-012  0.10290417E-003  0.72918915E-047  0.85218443E+009  0.25700000E+009  0.00000000E+000  0.16400000E+010  0.00000000E+000  0.60349070E-006  0.69558099E+006  0.14098796E+006  0.53258624E-039  0.62800000E+017  0.28900000E+014  0.15393200E-056  0.24900000E+008  0.00000000E+000  0.18380672E+007  0.33442846E+003  0.57215185E-019  0.21700000E+013  0.24952885E-005  0.19776337E+003  0.47250715E-057  0.24133659E-033
   44  0.40281280E+002  0.54772729E-032  0.49400000E+012  0.17900000E+017  0.48200000E+008  0.00000000E+000  0.29735663E-007  0.18500000E+008  0.43224138E-012  0.98678505E-004  0.47172167E-048  0.75078928E+009  0.23100000E+009  0.00000000E+000  0.22000000E+010  0.00000000E+000  0.88266865E-006  0.73207483E+006  0.88548397E+005  0.25879241E-039  0.54900000E+017  0.26500000E+014  0.10068739E-057  0.24900000E+008  0.00000000E+000  0.15164610E+007  0.36843248E+003  0.15762886E-019  0.18900000E+013  0.59040619E-006  0.24134145E+003  0.34747796E-058  0.55060499E-033
   45  0.71933817E+001  0.10861704E-031  0.40900000E+012  0.16700000E+017  0.29300000E+008  0.00000000E+000  0.52264160E-008  0.17900000E+008  0.60069665E-012  0.88414794E-004  0.27918332E-049  0.66274613E+009  0.21500000E+009  0.00000000E+000  0.29300000E+010  0.00000000E+000  0.12274222E-005  0.76014872E+006  0.55154326E+005  0.13853389E-039  0.48000000E+017  0.24900000E+014  0.56450695E-059  0.24100000E+008  0.00000000E+000  0.12374551E+007  0.39947575E+003  0.38713157E-020  0.16400000E+013  0.11552169E-006  0.27725126E+003  0.23321972E-059  0.20655945E-032
   46  0.11192996E+001  0.20715429E-031  0.33500000E+012  0.15500000E+017  0.16900000E+008  0.00000000E+000  0.73099916E-009  0.16400000E+008  0.77441299E-012  0.73555090E-004  0.11568033E-050  0.58449899E+009  0.19300000E+009  0.00000000E+000  0.38000000E+010  0.00000000E+000  0.16609097E-005  0.77361963E+006  0.34481365E+005  0.60439183E-040  0.41900000E+017  0.23400000E+014  0.20947310E-060  0.22000000E+008  0.00000000E+000  0.99798145E+006  0.41818051E+003  0.73888101E-021  0.14300000E+013  0.18092774E-007  0.31003128E+003  0.10964917E-060  0.75336084E-032
   47  0.15780313E+000  0.32630551E-031  0.27100000E+012  0.14100000E+017  0.97800000E+007  0.00000000E+000  0.90605200E-010  0.15900000E+008  0.88908331E-012  0.65229631E-004  0.23907952E-052  0.51359966E+009  0.18600000E+009  0.00000000E+000  0.47500000E+010  0.00000000E+000  0.23794301E-005  0.76781837E+006  0.21305158E+005  0.12921052E-040  0.36600000E+017  0.21000000E+014  0.43373333E-062  0.20700000E+008  0.00000000E+000  0.79643512E+006  0.43583183E+003  0.10468408E-021  0.12400000E+013  0.25117647E-008  0.36259896E+003  0.25802151E-062  0.99094475E-032
   48  0.20483398E-001  0.51253958E-031  0.21400000E+012  0.12700000E+017  0.69600000E+007  0.00000000E+000  0.98642186E-011  0.14600000E+008  0.95765726E-012  0.56184756E-004  0.41526042E-054  0.45075937E+009  0.18600000E+009  0.00000000E+000  0.57100000E+010  0.00000000E+000  0.33421405E-005  0.74789878E+006  0.12995432E+005  0.24515011E-041  0.32000000E+017  0.18900000E+014  0.74728939E-064  0.19100000E+008  0.00000000E+000  0.63077015E+006  0.44516950E+003  0.12855055E-022  0.10700000E+013  0.31067817E-009  0.41528975E+003  0.51072747E-064  0.13252964E-031
   49  0.24648046E-002  0.82082624E-031  0.17100000E+012  0.11600000E+017  0.39100000E+007  0.00000000E+000  0.10043582E-011  0.13700000E+008  0.11107505E-011  0.47134702E-004  0.80939341E-056  0.39674964E+009  0.17900000E+009  0.00000000E+000  0.66900000E+010  0.00000000E+000  0.42767180E-005  0.71892260E+006  0.78589306E+004  0.54920935E-042  0.27900000E+017  0.17500000E+014  0.14076818E-065  0.18000000E+008  0.00000000E+000  0.49898029E+006  0.47695086E+003  0.16023639E-023  0.89600000E+012  0.35880681E-010  0.44359820E+003  0.11305572E-065  0.29294071E-031
   50  0.28721018E-003  0.11633665E-030  0.13300000E+012  0.10200000E+017  0.26400000E+007  0.00000000E+000  0.93950007E-013  0.12200000E+008  0.10580686E-011  0.40880696E-004  0.89410315E-058  0.34634021E+009  0.17300000E+009  0.00000000E+000  0.76200000E+010  0.00000000E+000  0.60374420E-005  0.67621121E+006  0.46024366E+004  0.68053233E-043  0.24400000E+017  0.15400000E+014  0.16308944E-067  0.16600000E+008  0.00000000E+000  0.39024005E+006  0.48255145E+003  0.15909167E-024  0.74100000E+012  0.37943303E-011  0.50727052E+003  0.14303599E-067  0.24192722E-031
   51  0.33775124E-004  0.16316207E-030  0.10100000E+012  0.89800000E+016  0.18300000E+007  0.00000000E+000  0.87142347E-014  0.11800000E+008  0.10796708E-011  0.34704102E-004  0.10420966E-059  0.30220864E+009  0.17300000E+009  0.00000000E+000  0.82800000E+010  0.00000000E+000  0.82338936E-005  0.62807849E+006  0.27086572E+004  0.83414850E-044  0.21300000E+017  0.13600000E+014  0.19769948E-069  0.15200000E+008  0.00000000E+000  0.30490370E+006  0.47814630E+003  0.15419059E-025  0.60600000E+012  0.40796586E-012  0.56686139E+003  0.19097364E-069  0.20679699E-031
   52  0.41825047E-005  0.18428727E-030  0.77100000E+011  0.74700000E+016  0.11400000E+007  0.00000000E+000  0.85690472E-015  0.10500000E+008  0.81919757E-012  0.33298528E-004  0.63213760E-062  0.25953845E+009  0.16700000E+009  0.00000000E+000  0.90900000E+010  0.00000000E+000  0.13159257E-004  0.56756292E+006  0.15631665E+004  0.47441476E-045  0.18600000E+017  0.11100000E+014  0.15058534E-071  0.14400000E+008  0.00000000E+000  0.23531228E+006  0.45814668E+003  0.12478172E-026  0.48700000E+012  0.44223441E-013  0.70863465E+003  0.13488701E-071  0.38291270E-032
   53  0.53029460E-006  0.20844864E-030  0.63000000E+011  0.61900000E+016  0.73300000E+006  0.00000000E+000  0.80677299E-016  0.93000000E+007  0.66662245E-012  0.28846447E-004  0.40288804E-064  0.22342698E+009  0.17300000E+009  0.00000000E+000  0.10600000E+011  0.00000000E+000  0.20026366E-004  0.50932064E+006  0.91165070E+003  0.35920165E-046  0.16300000E+017  0.92900000E+013  0.10798146E-073  0.12600000E+008  0.00000000E+000  0.18292269E+006  0.45248323E+003  0.91254558E-028  0.39100000E+012  0.42567363E-014  0.84918759E+003  0.99862178E-074  0.10700529E-032
   54  0.69354225E-007  0.23418939E-030  0.50300000E+011  0.51100000E+016  0.52200000E+006  0.00000000E+000  0.82865094E-017  0.82500000E+007  0.53757713E-012  0.26308185E-004  0.30127110E-066  0.19149731E+009  0.17300000E+009  0.00000000E+000  0.12000000E+011  0.00000000E+000  0.29942546E-004  0.45163507E+006  0.51747166E+003  0.27485156E-047  0.14200000E+017  0.77500000E+013  0.96649963E-076  0.11700000E+008  0.00000000E+000  0.14236273E+006  0.41863478E+003  0.70540462E-029  0.33800000E+012  0.45576837E-015  0.10036977E+004  0.87127456E-076  0.29984448E-033
   55  0.95244849E-008  0.23302838E-030  0.40500000E+011  0.42100000E+016  0.33400000E+006  0.00000000E+000  0.87507634E-018  0.73300000E+007  0.39672516E-012  0.24304388E-004  0.20198630E-068  0.16447837E+009  0.17300000E+009  0.00000000E+000  0.13500000E+011  0.00000000E+000  0.45696448E-004  0.39885560E+006  0.29028157E+003  0.16260644E-048  0.12400000E+017  0.62700000E+013  0.79507213E-078  0.10800000E+008  0.00000000E+000  0.11165773E+006  0.38540485E+003  0.53414464E-030  0.29100000E+012  0.49859032E-016  0.12171702E+004  0.68015859E-078  0.48934326E-034
   56  0.13590510E-008  0.25156677E-030  0.32400000E+011  0.34500000E+016  0.21400000E+006  0.00000000E+000  0.98500222E-019  0.67000000E+007  0.32596184E-012  0.22228814E-004  0.28917256E-070  0.14094283E+009  0.17900000E+009  0.00000000E+000  0.15200000E+011  0.00000000E+000  0.67027344E-004  0.34938966E+006  0.16359599E+003  0.13119839E-049  0.10800000E+017  0.52000000E+013  0.13780023E-079  0.10100000E+008  0.00000000E+000  0.88154858E+005  0.35727544E+003  0.44021653E-031  0.25000000E+012  0.57977352E-017  0.14194658E+004  0.11365759E-079  0.13097496E-034
   57  0.20322288E-009  0.23239457E-030  0.27000000E+011  0.28200000E+016  0.16900000E+006  0.00000000E+000  0.10751833E-019  0.61200000E+007  0.24496268E-012  0.19743997E-004  0.82054837E-072  0.12154428E+009  0.17900000E+009  0.00000000E+000  0.17800000E+011  0.00000000E+000  0.10139282E-003  0.30623009E+006  0.91987320E+002  0.81125280E-051  0.94800000E+016  0.41700000E+013  0.46216929E-081  0.89500000E+007  0.00000000E+000  0.70896804E+005  0.33800134E+003  0.33768799E-032  0.21500000E+012  0.62877763E-018  0.17116833E+004  0.37412399E-081  0.19188172E-035
   58  0.30617473E-010  0.22630270E-030  0.23200000E+011  0.23000000E+016  0.11700000E+006  0.00000000E+000  0.12648595E-020  0.52800000E+007  0.18812404E-012  0.17822677E-004  0.56719348E-073  0.10447881E+009  0.18600000E+009  0.00000000E+000  0.21400000E+011  0.00000000E+000  0.14663131E-003  0.26618207E+006  0.51080000E+002  0.67130848E-052  0.82800000E+016  0.34300000E+013  0.38334503E-082  0.82800000E+007  0.00000000E+000  0.57648180E+005  0.33118682E+003  0.26828912E-033  0.18300000E+012  0.70837802E-019  0.19765805E+004  0.30099208E-082  0.45794118E-036
   59  0.46781456E-011  0.21820944E-030  0.19800000E+011  0.18700000E+016  0.69600000E+005  0.00000000E+000  0.14341466E-021  0.45400000E+007  0.14334799E-012  0.15352770E-004  0.43506761E-074  0.89824855E+008  0.19300000E+009  0.00000000E+000  0.25700000E+011  0.00000000E+000  0.21150324E-003  0.23026764E+006  0.28440308E+002  0.55627784E-053  0.72300000E+016  0.28200000E+013  0.33789285E-083  0.73200000E+007  0.00000000E+000  0.47638631E+005  0.32328303E+003  0.21025257E-034  0.15600000E+012  0.77204297E-020  0.22763050E+004  0.26871102E-083  0.10703650E-036
   60  0.85348617E-012  0.17124091E-030  0.16900000E+011  0.13900000E+016  0.50800000E+005  0.00000000E+000  0.20810672E-022  0.42800000E+007  0.96094662E-013  0.16844079E-004  0.12686761E-075  0.76086142E+008  0.17900000E+009  0.00000000E+000  0.32600000E+011  0.00000000E+000  0.39246366E-003  0.19472224E+006  0.15254831E+002  0.20790942E-054  0.63200000E+016  0.20900000E+013  0.14932219E-084  0.72100000E+007  0.00000000E+000  0.39523033E+005  0.31530805E+003  0.16635858E-035  0.13200000E+012  0.99808060E-021  0.30874270E+004  0.92636894E-085  0.39597880E-038
